DIM=(640, 480)
K= ([[237.08207070671924, 0.0, 316.58945883837254], [0.0, 238.57599724560552, 259.30081384079574], [0.0, 0.0, 1.0]])
D= ([[-0.04360587035675449], [-0.017081608628878454], [0.03059687274135721], [-0.0154322474495914]])
