width  = 640
height = 480
fx = 237.08207070671924
fy = 238.57599724560552
cx = 316.58945883837254
cy = 259.30081384079574
dOne = -0.04360587035675449
dTwo = -0.017081608628878454
dThree = 0.03059687274135721
dFour = -0.0154322474495914
