width  = 640
height = 480
fx = 237.3320015997005
fy = 238.25138908933033
cx = 313.70395390658996
cy = 232.98532115368275
dOne = -0.023755576347489274
dTwo = -0.021289282548702333
dThree = 0.009480260968879174
dFour = -0.0023025520969233207
