width  = 640
height = 480
fx = 239.27437113328494
fy = 240.25852003451763
cx = 315.3401171710988
cy = 262.4506070263288
dOne = -0.0289415110092479
dTwo = -0.01352823020799251
dThree = 0.00366169581008016
dFour = -0.0008261201426454317
